1.365135141988769714e-04
1.547657514474012246e-03
3.889874395455796777e-03
6.477103223945408772e-03
9.036204178701677525e-03
1.376616557852079065e-02
1.791858518420693519e-02
2.156701191964424322e-02
2.480272035605909572e-02
2.770208686264198292e-02
3.271718841865955268e-02
3.694759031686498801e-02
4.060187454100704779e-02
4.381652344192209225e-02
4.668515468796237411e-02
5.163406833275853425e-02
5.580422986309694494e-02
5.940700021404648340e-02
6.257807972719904577e-02
6.540972953130093359e-02
7.029966840658663507e-02
7.442506461025938380e-02
7.799270334442401365e-02
8.113542800315133585e-02
8.394365425577687834e-02
8.879697516963215576e-02
9.289483112663771136e-02
9.644079980654271522e-02
9.956587682794035277e-02
1.023593385455957988e-01
1.071890530453092488e-01
1.112685379263696761e-01
1.147995288289849203e-01
1.179119704612031638e-01
1.206944932778554330e-01
1.255058716404348906e-01
1.295702230518584464e-01
